1.000000000000000e+00 9.835181280000001e-01 5.63399043669263e-10
1.000000000000000e+00 9.441968000000000e-01 5.74386856228076e-10
1.000000000000000e+00 9.917292490000000e-01 6.40090429243265e-10
1.000000000000000e+00 1.046098848000000e+00 6.51363390749112e-10
8.333333333333334e-01 1.007583704000000e+00 6.05236255925137e-10
1.000000000000000e+00 1.000815245000000e+00 6.14745495426619e-10
7.692307692307692e-01 9.760040730000000e-01 6.82515513091801e-10
1.000000000000000e+00 1.001347196000000e+00 6.91944428295658e-10
1.000000000000000e+00 9.889598680000000e-01 6.40602798739637e-10
1.000000000000000e+00 9.973408820000000e-01 6.48293694368539e-10
1.000000000000000e+00 9.800693670000000e-01 7.17167690132070e-10
1.000000000000000e+00 1.026920816000000e+00 7.24452710315365e-10
1.000000000000000e+00 1.024581457000000e+00 6.68294003654196e-10
1.000000000000000e+00 1.010246852000000e+00 6.73893591349323e-10
9.090909090909091e-01 1.049120711000000e+00 7.42838963398026e-10
1.000000000000000e+00 9.659251140000000e-01 7.47739781052284e-10
9.523809523809523e-01 1.019660842000000e+00 6.87319864506929e-10
1.075268817204301e+00 1.005479886000000e+00 6.90632957626888e-10
1.000000000000000e+00 1.064717262000000e+00 7.58616254903978e-10
1.000000000000000e+00 9.777763730000000e-01 7.60947072994701e-10
1.000000000000000e+00 1.008808780000000e+00 6.97011324782268e-10
1.000000000000000e+00 1.008117507000000e+00 6.97923362903814e-10
1.000000000000000e+00 1.000000000000000e+00 7.63943726841097e-10
1.000000000000000e+00 1.051282798000000e+00 7.63609118126870e-10
9.708737864077670e-01 1.028466224000000e+00 6.97011324782268e-10
1.000000000000000e+00 1.054164336000000e+00 6.95490307238631e-10
9.523809523809523e-01 1.004847874000000e+00 7.58616254903978e-10
1.000000000000000e+00 9.861626410000000e-01 7.55632569066898e-10
1.000000000000000e+00 9.898063910000000e-01 6.87319864506929e-10
1.000000000000000e+00 1.016363673000000e+00 6.83419108259347e-10
9.090909090909091e-01 1.041251474000000e+00 7.42838963398026e-10
1.000000000000000e+00 9.842413410000001e-01 7.37317760592755e-10
1.000000000000000e+00 9.746140610000000e-01 6.68294003654196e-10
1.000000000000000e+00 1.004798083000000e+00 6.62135194362724e-10
1.000000000000000e+00 9.780071400000000e-01 7.17167690132070e-10
1.000000000000000e+00 1.039840788000000e+00 7.09308503707729e-10
1.000000000000000e+00 1.015765647000000e+00 6.40602798739637e-10
1.000000000000000e+00 9.557121250000000e-01 0.632423278971934
1.000000000000000e+00 9.846069290000000e-01 0.682515513091801
1.000000000000000e+00 9.861042670000000e-01 0.672602882474189
1.000000000000000e+00 9.562585440000000e-01 0.605236255925137
1.000000000000000e+00 1.024064349000000e+00 0.595333027530091
1.000000000000000e+00 9.964850620000000e-01 0.640090429243265
1.000000000000000e+00 9.982893320000000e-01 0.628445849588839
1.000000000000000e+00 9.781011090000000e-01 0.563399043669263
